0.07019436018114517
0.06655787233952845
0.06292138449791172
0.059284896656295015
0.05564840881467831
0.052011920973061586
0.04837543313144488
0.044738945289828164
0.04110245744821146
0.037465969606594735
0.03382948176497802
0.030192993923361316
0.026556506081744594
0.022920018240127873
0.019283530398511165
0.015647042556894444
0.012010554715277738
0.008374066873661023
0.0047375790320443156
0.001101091190427594
-0.0025353966511891257
-0.006171884492805833
-0.009808372334422553
-0.013444860176039262
-0.01708134801765598
-0.02071783585927269
-0.024354323700889417
-0.027990811542506124
-0.03162729938412283
-0.03526378722573954
-0.03890027506735627
-0.042536762908972986
-0.04617325075058968
-0.049809738592206415
-0.05344622643382313
-0.05708271427543983
-0.06071920211705653
-0.06435568995867327
-0.06799217780028997
-0.0716286656419067
-0.07526515348352342
-0.0789016413251401
-0.08253812916675683
-0.08617461700837356
-0.08981110484999028
-0.09344759269160695
-0.09708408053322369
-0.10072056837484042
-0.10435705621645712
-0.10799354405807385
-0.11163003189969055
-0.11526651974130726
-0.11890300758292398
-0.12253949542454073
-0.12617598326615742
-0.12981247110777408
-0.13344895894939082
-0.13708544679100756
-0.14072193463262425
-0.14435842247424097
-0.1479949103158577
-0.15163139815747442
-0.15526788599909114
-0.1589043738407078
-0.1625408616823245
-0.16617734952394125
-0.169813837365558
-0.17345032520717468
-0.1770868130487914
-0.18072330089040814
-0.18435978873202483
-0.1879962765736415
-0.19163276441525823
-0.19526925225687497
-0.19890574009849168
-0.2025422279401084
-0.20617871578172514
-0.20981520362334183
-0.21345169146495857
-0.21708817930657529
-0.220724667148192
-0.2243611549898087
-0.2279976428314254
-0.23163413067304217
-0.23527061851465883
-0.2389071063562756
-0.2425435941978923
-0.246180082039509
-0.24981656988112572
-0.2534530577227424
-0.25708954556435903
-0.26072603340597583
-0.2643625212475925
-0.2679990090892093
-0.271635496930826
-0.2752719847724427
-0.2789084726140594
-0.2825449604556761
-0.28618144829729286
-0.28981793613890955
