-0.01943035167600664
-0.01874735179959416
-0.01806435192318168
-0.017381352046769195
-0.016698352170356714
-0.016015352293944234
-0.015332352417531753
-0.014649352541119272
-0.013966352664706791
-0.01328335278829431
-0.012600352911881827
-0.011917353035469345
-0.011234353159056864
-0.010551353282644383
-0.009868353406231902
-0.009185353529819421
-0.008502353653406939
-0.007819353776994458
-0.007136353900581977
-0.006453354024169496
-0.005770354147757013
-0.0050873542713445324
-0.00440435439493205
-0.0037213545185195707
-0.0030383546421070863
-0.002355354765694609
-0.0016723548892821245
-0.0009893550128696436
-0.00030635513645716275
0.00037664473995531814
0.001059644616367799
0.00174264449278028
0.0024256443691927643
0.003108644245605245
0.003791644122017726
0.004474643998430207
0.005157643874842688
0.005840643751255172
0.00652364362766765
0.007206643504080134
0.007889643380492615
0.008572643256905092
0.009255643133317577
0.009938643009730058
0.010621642886142542
0.01130464276255502
0.0119876426389675
0.012670642515379981
0.013353642391792469
0.01403664226820495
0.014719642144617424
0.015402642021029912
0.016085641897442392
0.016768641773854873
0.017451641650267354
0.018134641526679835
0.018817641403092316
0.019500641279504797
0.020183641155917278
0.02086664103232976
0.02154964090874224
0.022232640785154727
0.0229156406615672
0.023598640537979682
0.02428164041439217
0.02496464029080465
0.025647640167217132
0.026330640043629613
0.027013639920042094
0.027696639796454574
0.028379639672867055
0.029062639549279536
0.029745639425692017
0.030428639302104498
0.031111639178516986
0.03179463905492946
0.03247763893134194
0.033160638807754425
0.03384363868416691
0.03452663856057939
0.035209638436991875
0.03589263831340435
0.03657563818981682
0.03725863806622931
0.0379416379426418
0.038624637819054286
0.03930763769546676
0.039990637571879234
0.04067363744829172
0.041356637324704196
0.042039637201116684
0.04272263707752917
0.043405636953941645
0.04408863683035413
0.04477163670676661
0.045454636583179095
0.04613763645959158
0.04682063633600406
0.047503636212416545
0.04818663608882902
