-0.04866666666666665
-0.047867170925629116
-0.04706767518459158
-0.04626817944355405
-0.04546868370251651
-0.04466918796147898
-0.04386969222044144
-0.043070196479403904
-0.04227070073836636
-0.041471204997328835
-0.040671709256291294
-0.03987221351525376
-0.039072717774216226
-0.03827322203317869
-0.03747372629214116
-0.03667423055110362
-0.03587473481006609
-0.03507523906902855
-0.034275743327991014
-0.03347624758695348
-0.032676751845915945
-0.03187725610487841
-0.031077760363840877
-0.030278264622803343
-0.02947876888176581
-0.028679273140728274
-0.027879777399690733
-0.0270802816586532
-0.026280785917615665
-0.02548129017657813
-0.024681794435540597
-0.023882298694503062
-0.02308280295346552
-0.022283307212427987
-0.02148381147139046
-0.02068431573035292
-0.019884819989315378
-0.01908532424827785
-0.018285828507240316
-0.017486332766202775
-0.01668683702516524
-0.01588734128412772
-0.01508784554309018
-0.014288349802052638
-0.013488854061015097
-0.01268935831997757
-0.011889862578940036
-0.011090366837902502
-0.01029087109686496
-0.00949137535582742
-0.008691879614789899
-0.007892383873752358
-0.007092888132714817
-0.006293392391677283
-0.005493896650639762
-0.004694400909602221
-0.00389490516856468
-0.003095409427527146
-0.0022959136864896257
-0.0014964179454520776
-0.0006969222044145434
0.00010257353662300461
0.0009020692776605249
0.001701565018698059
0.0025010607597355933
0.0033005565007731413
0.0041000522418106755
0.004899547982848196
0.005699043723885744
0.006498539464923278
0.007298035205960812
0.008097530946998333
0.00889702668803588
0.009696522429073415
0.010496018170110963
0.011295513911148483
0.012095009652186017
0.012894505393223551
0.0136940011342611
0.01449349687529862
0.015292992616336154
0.016092488357373702
0.016891984098411222
0.01769147983944877
0.01849097558048629
0.01929047132152384
0.020089967062561373
0.020889462803598893
0.021688958544636455
0.022488454285673976
0.02328795002671151
0.024087445767749058
0.024886941508786578
0.025686437249824112
0.02648593299086166
0.02728542873189918
0.028084924472936743
0.02888442021397425
0.029683915955011797
0.03048341169604933
