0.13829137852381845
0.13317239506475173
0.12805341160568498
0.12293442814661826
0.11781544468755153
0.1126964612284848
0.10757747776941806
0.10245849431035134
0.09733951085128462
0.09222052739221788
0.08710154393315114
0.08198256047408442
0.07686357701501768
0.07174459355595095
0.06662561009688422
0.06150662663781749
0.056387643178750765
0.05126865971968403
0.046149676260617306
0.04103069280155057
0.03591170934248383
0.03079272588341711
0.025673742424350374
0.02055475896528365
0.015435775506216914
0.010316792047150192
0.005197808588083441
7.882512901671856e-05
-0.005040158330050004
-0.010159141789116727
-0.015278125248183477
-0.0203971087072502
-0.025516092166316923
-0.030635075625383673
-0.035754059084450396
-0.04087304254351712
-0.04599202600258384
-0.05111100946165059
-0.056229992920717314
-0.061348976379784065
-0.06646795983885079
-0.07158694329791748
-0.07670592675698423
-0.08182491021605098
-0.0869438936751177
-0.0920628771341844
-0.09718186059325115
-0.1023008440523179
-0.10741982751138462
-0.11253881097045138
-0.11765779442951807
-0.12277677788858482
-0.12789576134765157
-0.13301474480671832
-0.13813372826578502
-0.1432527117248517
-0.14837169518391846
-0.1534906786429852
-0.1586096621020519
-0.16372864556111866
-0.1688476290201854
-0.17396661247925216
-0.17908559593831885
-0.18420457939738555
-0.1893235628564523
-0.19444254631551905
-0.1995615297745858
-0.2046805132336525
-0.20979949669271925
-0.214918480151786
-0.2200374636108527
-0.22515644706991939
-0.23027543052898614
-0.2353944139880529
-0.24051339744711964
-0.24563238090618633
-0.2507513643652531
-0.25587034782431983
-0.2609893312833866
-0.2661083147424533
-0.27122729820152003
-0.2763462816605867
-0.2814652651196534
-0.2865842485787202
-0.2917032320377869
-0.2968222154968537
-0.3019411989559204
-0.3070601824149871
-0.31217916587405387
-0.31729814933312056
-0.32241713279218726
-0.32753611625125406
-0.33265509971032076
-0.33777408316938756
-0.34289306662845426
-0.34801205008752095
-0.3531310335465877
-0.3582500170056544
-0.3633690004647212
-0.3684879839237879
